POCP	FA350	B210	SEH01	TMQ1	TMQ2	TMQ3	TMQ4	V1718	YN101
FA350	1	0.493	0.481	0.483	0.482	0.483	0.482	0.433	0.597
B210	0.493	1	0.898	0.903	0.869	0.902	0.865	0.434	0.45
SEH01	0.481	0.898	1	0.966	0.899	0.966	0.886	0.428	0.446
TMQ1	0.483	0.903	0.966	1	0.904	1	0.885	0.429	0.448
TMQ2	0.482	0.869	0.899	0.904	1	0.904	0.907	0.433	0.446
TMQ3	0.483	0.902	0.966	1	0.904	1	0.885	0.429	0.428
TMQ4	0.482	0.865	0.886	0.885	0.907	0.885	1	0.43	0.448
V1718	0.433	0.434	0.428	0.429	0.433	0.429	0.43	1	0.435
YN101	0.597	0.45	0.446	0.448	0.446	0.428	0.448	0.435	1
